28.07.2015 15:00	15150	15370	16700	16970	248	258
28.07.2015 00:00	15070	15240	16550	16880	251	261
27.07.2015 14:30	15070	15240	16550	16880	251	261
27.07.2015 00:00	15050	15290	16450	16790	258	268
26.07.2015 00:00	15050	15290	16450	16790	258	268
25.07.2015 00:00	15050	15290	16450	16790	258	268
24.07.2015 14:30	15050	15290	16450	16790	258	268
24.07.2015 00:00	15100	15320	16450	16790	260	270
23.07.2015 14:45	15100	15320	16450	16790	260	270
23.07.2015 00:00	15170	15410	16470	16820	261	271
22.07.2015 09:45	15170	15410	16470	16820	261	271
22.07.2015 00:00	15150	15380	16300	16660	261	271
21.07.2015 14:30	15150	15380	16300	16660	261	271
21.07.2015 00:00	15120	15370	16300	16660	263	273
20.07.2015 14:45	15120	15370	16300	16660	263	273
20.07.2015 00:00	15140	15370	16400	16750	263	273
19.07.2015 00:00	15140	15370	16400	16750	263	273
18.07.2015 00:00	15140	15370	16400	16750	263	273
17.07.2015 14:30	15140	15370	16400	16750	263	273
17.07.2015 00:00	15150	15400	16640	16970	263	273
16.07.2015 14:40	15150	15400	16640	16970	263	273
16.07.2015 00:00	15250	15480	16770	17110	265	275
15.07.2015 00:00	15250	15480	16770	17110	265	275
14.07.2015 14:30	15250	15480	16770	17110	265	275
14.07.2015 00:00	15180	15420	16770	17110	264	274
13.07.2015 14:45	15180	15420	16770	17110	264	274
13.07.2015 00:00	15250	15480	16900	17220	265	275
12.07.2015 00:00	15250	15480	16900	17220	265	275
11.07.2015 00:00	15250	15480	16900	17220	265	275
10.07.2015 14:30	15250	15480	16900	17220	265	275
10.07.2015 00:00	15310	15550	16900	17180	265	275
09.07.2015 13:00	15310	15550	16900	17180	265	275
09.07.2015 00:00	15300	15540	16800	17120	265	275
08.07.2015 15:30	15300	15540	16800	17120	265	275
08.07.2015 00:00	15270	15510	16800	17120	265	275
07.07.2015 14:50	15270	15510	16800	17120	265	275
07.07.2015 00:00	15250	15490	16800	17150	269	279
06.07.2015 14:40	15250	15490	16800	17150	269	279
06.07.2015 00:00	15250	15510	16800	17200	273	282
05.07.2015 00:00	15250	15510	16800	17200	273	282
04.07.2015 00:00	15250	15510	16800	17200	273	282
03.07.2015 00:00	15250	15510	16800	17200	273	282
02.07.2015 14:30	15250	15510	16800	17200	273	282
02.07.2015 00:00	15180	15410	16900	17250	271	279
01.07.2015 14:45	15180	15410	16900	17250	271	279
01.07.2015 00:00	15120	15370	16800	17150	270	278
30.06.2015 14:40	15120	15370	16800	17150	270	278
30.06.2015 00:00	15180	15420	16700	17100	274	282
29.06.2015 14:40	15180	15420	16700	17100	274	282
29.06.2015 00:00	15180	15420	16970	17270	272	280
28.06.2015 00:00	15180	15420	16970	17270	272	280
27.06.2015 00:00	15180	15420	16970	17270	272	280
26.06.2015 15:00	15180	15420	16970	17270	272	280
26.06.2015 10:00	15210	15450	17020	17320	277	284
26.06.2015 00:00	15210	15470	17020	17340	277	286
25.06.2015 14:45	15210	15470	17020	17340	277	286
25.06.2015 00:00	15240	15510	17100	17450	278	287
24.06.2015 09:15	15240	15510	17100	17450	278	287
24.06.2015 00:00	15220	15490	17150	17520	279	288
23.06.2015 14:45	15220	15490	17150	17520	279	288
23.06.2015 00:00	15180	15450	17150	17490	279	288
22.06.2015 13:00	15180	15450	17150	17490	279	288
22.06.2015 00:00	15180	15450	17120	17470	280	289
21.06.2015 00:00	15180	15450	17120	17470	280	289
20.06.2015 00:00	15180	15450	17120	17470	280	289
19.06.2015 13:10	15180	15450	17120	17470	280	289
19.06.2015 00:00	15280	15520	17370	17640	285	294
18.06.2015 14:45	15280	15520	17370	17640	285	294
18.06.2015 00:00	15320	15550	17250	17550	282	291
17.06.2015 16:30	15320	15550	17250	17550	282	291
17.06.2015 13:00	15400	15580	17340	17570	284	292
17.06.2015 00:00	15390	15630	17300	17580	281	289
16.06.2015 15:00	15390	15630	17300	17580	281	289
16.06.2015 00:00	15320	15600	17180	17580	277	286
15.06.2015 12:45	15320	15600	17180	17580	277	286
15.06.2015 00:00	15200	15430	17100	17430	275	284
14.06.2015 00:00	15200	15430	17100	17430	275	284
13.06.2015 00:00	15200	15430	17100	17430	275	284
12.06.2015 13:00	15200	15430	17100	17430	275	284
12.06.2015 09:15	15250	15450	17100	17450	278	286
12.06.2015 00:00	15300	15500	17250	17550	278	286
11.06.2015 13:10	15300	15500	17250	17550	278	286
11.06.2015 00:00	15300	15620	17250	17650	278	288
10.06.2015 15:50	15300	15620	17250	17650	278	288
10.06.2015 12:40	15150	15580	17100	17640	274	285
10.06.2015 00:00	15500	15750	17450	17800	275	284
09.06.2015 14:40	15500	15750	17450	17800	275	284
09.06.2015 09:20	15500	15750	17250	17800	274	283
09.06.2015 00:00	15500	15720	17180	17500	274	283
08.06.2015 17:10	15500	15720	17180	17500	274	283
08.06.2015 12:30	15450	15700	17150	17500	273	280
08.06.2015 00:00	15300	15550	17150	17500	270	278
07.06.2015 00:00	15300	15550	17150	17500	270	278
06.06.2015 00:00	15300	15550	17150	17500	270	278
05.06.2015 16:10	15300	15550	17150	17500	270	278
05.06.2015 12:30	15270	15550	17100	17450	268	278
05.06.2015 09:15	15150	15400	17000	17420	268	280
05.06.2015 00:00	15050	15270	16950	17320	273	282
04.06.2015 13:10	15050	15270	16950	17320	273	282
04.06.2015 09:15	14850	15070	16650	17020	273	283
04.06.2015 00:00	14850	15070	16350	16720	277	286
03.06.2015 14:20	14850	15070	16350	16720	277	286
03.06.2015 00:00	14850	15120	16200	16520	275	285
02.06.2015 15:20	14850	15120	16200	16520	275	285
02.06.2015 00:00	14750	15020	16050	16370	275	285
01.06.2015 00:00	14750	15020	16050	16370	275	285
31.05.2015 00:00	14750	15020	16050	16370	275	285
30.05.2015 00:00	14750	15020	16050	16370	275	285
29.05.2015 16:00	14750	15020	16050	16370	275	285
29.05.2015 09:15	14690	14960	15980	16300	275	285
29.05.2015 00:00	14640	14910	15900	16220	276	286
28.05.2015 14:30	14640	14910	15900	16220	276	286
28.05.2015 09:15	14520	14790	15800	16120	278	288
28.05.2015 00:00	14450	14720	15750	16070	279	286
27.05.2015 16:30	14450	14720	15750	16070	279	286
27.05.2015 09:15	14370	14640	15600	15970	281	291
27.05.2015 00:00	14300	14570	15560	15880	282	292
26.05.2015 13:40	14300	14570	15560	15880	282	292
26.05.2015 00:00	14150	14420	15750	16070	282	291
25.05.2015 00:00	14150	14420	15750	16070	282	291
24.05.2015 00:00	14150	14420	15750	16070	282	291
23.05.2015 00:00	14150	14420	15750	16070	282	291
22.05.2015 00:00	14150	14420	15750	16070	282	291
21.05.2015 15:10	14150	14420	15750	16070	282	291
21.05.2015 00:00	14050	14320	15620	15940	280	290
20.05.2015 11:00	14050	14320	15620	15940	280	290
20.05.2015 00:00	13950	14220	15620	15940	280	290
19.05.2015 15:40	13950	14220	15620	15940	280	290
19.05.2015 12:20	13950	14220	15650	15970	281	291
19.05.2015 00:00	13950	14220	15800	16170	280	290
18.05.2015 12:50	13950	14220	15800	16170	280	290
18.05.2015 00:00	14050	14340	15900	16240	277	288
17.05.2015 00:00	14050	14340	15900	16240	277	288
16.05.2015 00:00	14050	14340	15900	16240	277	288
15.05.2015 15:20	14050	14340	15900	16240	277	288
15.05.2015 00:00	14100	14370	15930	16300	279	289
14.05.2015 12:40	14100	14370	15930	16300	279	289
14.05.2015 09:15	14050	14320	15850	16220	280	289
14.05.2015 00:00	14050	14300	15700	16020	279	289
13.05.2015 14:40	14050	14300	15700	16020	279	289
13.05.2015 10:15	14140	14390	15800	16120	276	286
13.05.2015 00:00	14180	14430	15850	16170	276	286
12.05.2015 13:15	14180	14430	15850	16170	276	286
12.05.2015 00:00	14180	14470	15800	16190	276	288
11.05.2015 00:00	14180	14470	15800	16190	276	288
10.05.2015 00:00	14180	14470	15800	16190	276	288
09.05.2015 00:00	14180	14470	15800	16190	276	288
08.05.2015 15:00	14180	14470	15800	16190	276	288
08.05.2015 09:15	14150	14400	15800	16150	274	284
08.05.2015 00:00	14150	14380	15950	16340	276	286
07.05.2015 17:15	14150	14380	15950	16340	276	286
07.05.2015 09:15	14150	14380	16000	16350	274	284
07.05.2015 00:00	14130	14340	15750	16060	276	286
06.05.2015 12:15	14130	14340	15750	16060	276	286
06.05.2015 09:15	14150	14380	15750	16060	274	284
06.05.2015 00:00	14250	14470	15750	16060	270	282
05.05.2015 12:15	14250	14470	15750	16060	270	282
05.05.2015 00:00	14150	14390	15650	16020	270	282
04.05.2015 00:00	14150	14390	15650	16020	270	282
03.05.2015 00:00	14150	14390	15650	16020	270	282
02.05.2015 00:00	14150	14390	15650	16020	270	282
01.05.2015 00:00	14150	14390	15650	16020	270	282
30.04.2015 15:00	14150	14390	15650	16020	270	282
30.04.2015 09:15	14200	14440	15580	15920	273	283
30.04.2015 00:00	14280	14520	15500	15840	272	282
29.04.2015 09:15	14280	14520	15500	15840	272	282
29.04.2015 00:00	14330	14580	15500	15850	272	282
28.04.2015 12:30	14330	14580	15500	15850	272	282
28.04.2015 00:00	14230	14440	15400	15720	273	283
27.04.2015 14:40	14230	14440	15400	15720	273	283
27.04.2015 00:00	14150	14400	15200	15520	275	285
26.04.2015 00:00	14150	14400	15200	15520	275	285
25.04.2015 11:50	14150	14400	15200	15520	275	285
25.04.2015 00:00	14100	14370	15150	15470	275	285
24.04.2015 09:40	14100	14370	15150	15470	275	285
24.04.2015 00:00	14150	14420	15100	15420	272	283
23.04.2015 13:10	14150	14420	15100	15420	272	283
23.04.2015 09:40	14250	14520	15150	15520	269	280
23.04.2015 00:00	14300	14590	15250	15620	267	278
22.04.2015 15:30	14300	14590	15250	15620	267	278
22.04.2015 11:30	14300	14620	15250	15700	267	282
22.04.2015 00:00	14070	14320	15130	15450	275	285
21.04.2015 00:00	14070	14320	15130	15450	275	285
20.04.2015 00:00	14070	14320	15130	15450	275	285
19.04.2015 00:00	14070	14320	15130	15450	275	285
18.04.2015 00:00	14070	14320	15130	15450	275	285
17.04.2015 14:30	14070	14320	15130	15450	275	285
17.04.2015 10:00	14070	14320	15060	15380	281	290
17.04.2015 00:00	14070	14320	14950	15270	280	289
16.04.2015 09:40	14070	14320	14950	15270	280	289
16.04.2015 00:00	14150	14400	14950	15270	276	286
15.04.2015 14:20	14150	14400	14950	15270	276	286
15.04.2015 09:50	14170	14440	14970	15320	274	284
15.04.2015 00:00	14250	14490	14970	15340	272	282
14.04.2015 16:40	14250	14490	14970	15340	272	282
14.04.2015 12:30	14250	14490	14900	15270	271	280
14.04.2015 00:00	14250	14520	14970	15340	267	279
13.04.2015 12:10	14250	14520	14970	15340	267	279
13.04.2015 00:00	14200	14450	15050	15400	274	283
12.04.2015 00:00	14200	14450	15050	15400	274	283
11.04.2015 00:00	14200	14450	15050	15400	274	283
10.04.2015 14:30	14200	14450	15050	15400	274	283
10.04.2015 00:00	14150	14380	15150	15480	268	277
09.04.2015 12:10	14150	14380	15150	15480	268	277
09.04.2015 00:00	14270	14500	15450	15800	258	267
08.04.2015 15:00	14270	14500	15450	15800	258	267
08.04.2015 00:00	14280	14530	15480	15830	254	261
07.04.2015 09:50	14280	14530	15480	15830	254	261
07.04.2015 00:00	14350	14600	15600	15950	252	261
06.04.2015 17:45	14350	14600	15600	15950	252	261
06.04.2015 12:30	14350	14600	15600	15950	251	258
06.04.2015 00:00	14400	14650	15550	15900	251	258
05.04.2015 00:00	14400	14650	15550	15900	251	258
04.04.2015 00:00	14400	14650	15550	15900	251	258
03.04.2015 15:00	14400	14650	15550	15900	251	258
03.04.2015 00:00	14440	14690	15500	15820	250	257
02.04.2015 12:30	14440	14690	15500	15820	250	257
02.04.2015 00:00	14480	14730	15500	15820	247	254
01.04.2015 17:15	14480	14730	15500	15820	247	254
01.04.2015 00:00	14450	14700	15550	15880	248	255
31.03.2015 15:30	14450	14700	15550	15880	248	255
31.03.2015 00:00	14500	14740	15600	15930	246	253
30.03.2015 12:30	14500	14740	15600	15930	246	253
30.03.2015 00:00	14460	14680	15560	15900	248	255
29.03.2015 00:00	14460	14680	15560	15900	248	255
28.03.2015 00:00	14460	14680	15560	15900	248	255
27.03.2015 15:00	14460	14680	15560	15900	248	255
27.03.2015 09:40	14350	14600	15560	15900	248	255
27.03.2015 00:00	14300	14560	15500	15900	250	257
26.03.2015 09:30	14300	14560	15500	15900	250	257
26.03.2015 00:00	14400	14640	15500	15900	249	256
25.03.2015 12:45	14400	14640	15500	15900	249	256
25.03.2015 09:50	14400	14640	15500	15900	246	253
25.03.2015 00:00	14500	14700	15600	15950	245	251
24.03.2015 09:40	14500	14700	15600	15950	245	251
24.03.2015 00:00	14620	14920	15600	15920	242	248
23.03.2015 12:15	14620	14920	15600	15920	242	248
23.03.2015 00:00	14750	15040	15600	15900	242	249
22.03.2015 00:00	14750	15040	15600	15900	242	249
21.03.2015 00:00	14750	15040	15600	15900	242	249
20.03.2015 15:30	14750	15040	15600	15900	242	249
20.03.2015 00:00	14740	15030	15650	16000	242	249
19.03.2015 12:40	14740	15030	15650	16000	242	249
19.03.2015 00:00	14880	15100	15650	16000	238	245
18.03.2015 00:00	14880	15100	15650	16000	238	245
17.03.2015 14:30	14880	15100	15650	16000	238	245
17.03.2015 00:00	14950	15150	15700	15950	239	245
16.03.2015 09:40	14950	15150	15700	15950	239	245
16.03.2015 00:00	14870	15070	15700	15950	240	247
15.03.2015 00:00	14870	15070	15700	15950	240	247
14.03.2015 00:00	14870	15070	15700	15950	240	247
13.03.2015 15:20	14870	15070	15700	15950	240	247
13.03.2015 00:00	15000	15200	15730	15970	242	250
12.03.2015 17:00	15000	15200	15730	15970	242	250
12.03.2015 10:00	15000	15200	15730	15970	238	245
12.03.2015 00:00	15000	15250	15880	16200	236	244
11.03.2015 14:15	15000	15250	15880	16200	236	244
11.03.2015 09:40	14900	15150	15880	16180	236	244
11.03.2015 00:00	14800	15050	16050	16330	239	247
10.03.2015 09:45	14800	15050	16050	16330	239	247
10.03.2015 00:00	14720	15000	16000	16300	239	247
09.03.2015 10:30	14720	15000	16000	16300	239	247
09.03.2015 00:00	14650	14910	16100	16400	239	248
08.03.2015 00:00	14650	14910	16100	16400	239	248
07.03.2015 00:00	14650	14910	16100	16400	239	248
06.03.2015 13:00	14650	14910	16100	16400	239	248
06.03.2015 00:00	14800	15030	16350	16670	239	246
05.03.2015 17:30	14800	15030	16350	16670	239	246
05.03.2015 12:30	14830	15050	16340	16610	236	243
05.03.2015 00:00	14800	15050	16520	16820	235	242
04.03.2015 00:00	14800	15050	16520	16820	235	242
03.03.2015 17:00	14800	15050	16520	16820	235	242
03.03.2015 12:30	14830	15080	16550	16850	235	242
03.03.2015 00:00	14710	14960	16420	16710	233	240
02.03.2015 11:35	14710	14960	16420	16710	233	240
02.03.2015 11:34	14630	14880	16400	16700	236	243
01.03.2015 23:59	14630	14880	16400	16700	236	243
28.02.2015 23:59	14630	14880	16400	16700	236	243
27.02.2015 23:59	14630	14880	16400	16700	236	243
27.02.2015 15:44	14650	14880	16400	16680	237	244
27.02.2015 10:19	14600	14850	16550	16850	237	244
26.02.2015 23:59	14600	14850	16550	16850	237	244
26.02.2015 16:59	14650	14900	16600	16900	236	243
26.02.2015 09:44	14700	14950	16650	16950	232	239
25.02.2015 23:59	14700	14950	16650	16950	232	239
25.02.2015 16:59	14750	15000	16700	17000	231	238
25.02.2015 09:49	14750	15000	16670	16950	230	236
24.02.2015 23:59	14750	15000	16670	16950	230	236
24.02.2015 14:34	14720	14960	16650	16930	228	235
24.02.2015 09:59	14670	14920	16600	16900	228	236
23.02.2015 23:59	14670	14920	16600	16900	228	236
23.02.2015 11:59	14600	14850	16580	16850	234	240
22.02.2015 23:59	14600	14850	16580	16850	234	240
21.02.2015 23:59	14600	14850	16580	16850	234	240
20.02.2015 23:59	14600	14850	16580	16850	234	240
20.02.2015 09:59	14650	14900	16700	17000	236	243
19.02.2015 23:59	14650	14900	16700	17000	236	243
19.02.2015 14:29	14750	15000	16800	17100	237	245
19.02.2015 10:09	14800	15100	16850	17200	235	243
18.02.2015 23:59	14800	15100	16850	17200	234	241
18.02.2015 15:19	14800	15100	16850	17200	234	242
18.02.2015 09:49	14800	15150	16850	17250	234	241
17.02.2015 23:59	14800	15150	16850	17250	234	241
17.02.2015 17:14	14850	15200	16850	17250	234	241
17.02.2015 12:19	14900	15250	16900	17300	234	241
16.02.2015 23:59	14900	15250	16900	17300	234	241
16.02.2015 12:44	15050	15300	17200	17450	230	235
15.02.2015 23:59	15050	15300	17200	17450	230	235
14.02.2015 23:59	15050	15300	17200	17450	230	235
13.02.2015 23:59	15050	15300	17200	17450	230	235
13.02.2015 13:09	15200	15400	17320	17580	230	235
13.02.2015 09:59	15250	15450	17230	17490	228	233
12.02.2015 23:59	15250	15450	17230	17490	228	233
12.02.2015 17:29	15250	15500	17230	17520	227	234
11.02.2015 23:59	15250	15500	17230	17520	227	234
11.02.2015 12:09	15150	15390	17150	17490	227	234
10.02.2015 23:59	15150	15390	17150	17490	227	234
10.02.2015 12:59	15200	15450	17180	17550	227	236
09.02.2015 23:59	15200	15450	17180	17550	227	236
09.02.2015 12:44	15200	15550	17350	17700	227	236
08.02.2015 23:59	15200	15550	17350	17700	227	236
07.02.2015 23:59	15200	15550	17350	17700	227	236
06.02.2015 23:59	15200	15550	17350	17700	227	236
06.02.2015 12:59	15400	15720	17400	17850	222	234
05.02.2015 23:59	15400	15720	17400	17850	222	234
05.02.2015 12:19	15250	15450	17300	17600	223	235
05.02.2015 09:29	15250	15450	17400	17710	229	240
04.02.2015 23:59	15250	15650	17400	17830	229	240
04.02.2015 12:29	15400	15730	17550	17830	233	244
04.02.2015 09:49	15450	15730	17450	17830	225	236
03.02.2015 23:59	15450	15760	17450	17830	225	236
03.02.2015 12:29	15500	15760	17400	17810	218	230
02.02.2015 23:59	15500	15760	17400	17810	218	230
02.02.2015 12:44	15450	15710	17400	17790	216	228
01.02.2015 23:59	15450	15710	17400	17790	216	228
31.01.2015 23:59	15450	15710	17400	17790	216	228
30.01.2015 23:59	15450	15710	17400	17790	216	228
30.01.2015 15:59	15450	15710	17400	17790	220	230
30.01.2015 12:44	15400	15670	17370	17690	220	232
29.01.2015 23:59	15520	15670	17470	17690	220	232
29.01.2015 12:29	15350	15515	17380	17640	224	234
28.01.2015 23:59	15300	15550	17300	17600	225	232
28.01.2015 12:59	15380	15615	17300	17565	227	234
27.01.2015 23:59	15380	15615	17360	17565	227	236
27.01.2015 12:59	15200	15400	17050	17250	226	236
27.01.2015 09:29	15200	15400	17050	17250	232	239
26.01.2015 23:59	15310	15400	17140	17250	232	242
26.01.2015 12:29	15120	15210	16900	17260	235	247
23.01.2015 23:59	15120	15210	17100	17595	237	247
23.01.2015 14:59	15100	15190	17100	17595	235	245
23.01.2015 09:44	15110	15190	17500	17595	232	252
22.01.2015 23:59	15130	15210	17460	17585	232	252
22.01.2015 14:44	15100	15210	17460	17585	229	249
21.01.2015 23:59	15100	15210	17460	17585	229	249
21.01.2015 15:29	15050	15130	17430	17515	231	252
20.01.2015 23:59	15070	15150	17460	17545	232	252
19.01.2015 23:59	15070	15150	17460	17545	232	252
19.01.2015 16:44	15100	15180	17550	17665	232	252
18.01.2015 23:59	15100	15180	17550	17665	232	252
17.01.2015 23:59	15100	15180	17550	17665	232	252
16.01.2015 23:59	15160	15260	17630	17970	233	255
16.01.2015 12:29	15160	15260	17820	17970	235	255
15.01.2015 23:59	15210	15310	17900	18065	235	255
15.01.2015 12:59	15230	15310	17940	18065	230	250
14.01.2015 23:59	15230	15310	17940	18065	230	250
14.01.2015 12:44	14540	14620	17170	17300	220	240
14.01.2015 09:59	14570	14620	17230	17300	220	240
13.01.2015 23:59	14570	14620	17230	17300	220	240
13.01.2015 15:59	14570	14620	17230	17300	225	243
13.01.2015 12:14	14550	14600	17230	17300	230	250
12.01.2015 23:59	14550	14600	17230	17300	230	250
12.01.2015 12:29	14250	14340	16800	16900	230	248
11.01.2015 23:59	14250	14340	16800	16900	230	248
10.01.2015 23:59	14250	14340	16800	16900	230	248
09.01.2015 23:59	14250	14340	16800	16900	230	248
09.01.2015 15:59	13760	14035	16200	16565	215	240
08.01.2015 23:59	13030	13050	15580	15600	195	210
07.01.2015 23:59	13030	13050	15580	15600	195	210
06.01.2015 23:59	12980	13000	15500	15530	210	210
05.01.2015 23:59	12100	12140	14700	14750	215	230
04.01.2015 23:59	12100	12140	14700	14750	215	230
03.01.2015 23:59	12100	12140	14700	14750	215	230
02.01.2015 23:59	12100	12140	14700	14750	215	230
01.01.2015 23:59	12100	12140	14700	14750	215	230
31.12.2014 23:59	12070	12090	14650	14670	200	215
30.12.2014 23:59	12000	12040	14600	14670	200	215
30.12.2014 14:44	12000	12040	14600	14670	235	250
29.12.2014 23:59	11240	11251	13670	13700	240	260
28.12.2014 23:59	11240	11251	13670	13700	240	260
27.12.2014 23:59	11240	11251	13670	13700	240	260
26.12.2014 23:59	11240	11251	13670	13700	240	260
25.12.2014 23:59	11240	11251	13670	13700	240	260
24.12.2014	11160	11170	13650	13670	245	260
24.12.2014	11160	11170	13920	13940	245	260
23.12.2014	11135	11145	13650	13660	250	275
23.12.2014	11135	11145	13650	13660	250	275
23.12.2014	11130	11148	13640	13660	220	250
22.12.2014	11100	11118	13570	13586	210	250
22.12.2014	11090	11118	13640	13660	200	250
21.12.2014	11090	11118	13640	13660	200	250
20.12.2014	11090	11100	13640	13650	200	240
20.12.2014	11800	11970	14500	14780	195	240
19.12.2014	11800	11970	14500	14780	195	230
19.12.2014	11200	11495	13850	14250	172	205
18.12.2014	11200	11495	13850	14250	175	205
18.12.2014	11150	11400	13800	14200	165	205
18.12.2014	11150	11500	13800	14500	165	205
18.12.2014	11050	11200	13750	14000	148	190
17.12.2014	11050	11200	13750	14000	148	190
17.12.2014	11000	11100	13750	14000	148	190
17.12.2014	10930	11030	13690	13830	148	178
16.12.2014	10930	11030	13690	13880	140	175
16.12.2014	10930	11030	13600	13800	163	188
16.12.2014	10920	11010	13550	13750	167	188
16.12.2014	10900	11010	13520	13700	178	193
15.12.2014	10900	11010	13520	13700	178	193
15.12.2014	10900	11000	13520	13700	181	196
15.12.2014	10900	11000	13540	13740	185	201
15.12.2014	10900	11000	13480	13660	190	206
14.12.2014	10900	11000	13480	13660	190	206
13.12.2014	10900	11000	13480	13660	190	206
12.12.2014	10900	11000	13500	13660	190	206
12.12.2014	10900	11000	13530	13680	197	212
11.12.2014	10900	11000	13530	13680	197	212
11.12.2014	10890	10980	13400	13600	199	215
10.12.2014	10870	10970	13390	13560	199	213
10.12.2014	10870	10980	13350	13560	197	217
09.12.2014	10870	10980	13350	13560	197	217
09.12.2014	10880	10980	13310	13510	198	215
08.12.2014	10880	10980	13310	13510	200	211
08.12.2014	10880	10980	13410	13610	199	214
07.12.2014	10880	10980	13410	13610	199	214
06.12.2014	10880	10980	13410	13610	199	214
05.12.2014	10880	10980	13410	13610	199	214
05.12.2014	10850	10970	13340	13540	199	214
04.12.2014	10850	10970	13340	13540	199	214
04.12.2014	10840	10950	13350	13550	197	215
03.12.2014	10840	10950	13350	13550	197	215
03.12.2014	10840	10950	13400	13610	196	215
03.12.2014	10840	10950	13460	13660	202	218
02.12.2014	10840	10950	13460	13660	202	218
02.12.2014	10840	10950	13480	13690	205	220
02.12.2014	10830	10945	13470	13700	205	220
01.12.2014	10830	10945	13450	13660	205	222
01.12.2014	10830	10945	13450	13660	208	222
01.12.2014	10840	10950	13450	13700	217	232
30.11.2014	10840	10950	13450	13700	217	232
29.11.2014	10840	10950	13450	13700	217	232
28.11.2014	10840	10950	13450	13670	217	232
28.11.2014	10840	10950	13520	13720	226	240
27.11.2014	10840	10950	13500	13720	229	239
26.11.2014	10840	10950	13490	13690	231	241
26.11.2014	10840	10950	13420	13630	235	245
25.11.2014	10840	10950	13420	13630	235	245
25.11.2014	10840	10950	13380	13600	240	249
24.11.2014	10840	10950	13380	13600	240	249
24.11.2014	10840	10950	13380	13600	234	243
24.11.2014	10850	10950	13480	13670	236	243
23.11.2014	10850	10950	13480	13670	236	243
22.11.2014	10850	10950	13480	13670	236	243
21.11.2014	10840	10940	13550	13750	229	239
20.11.2014	10820	10930	13520	13690	227	237
19.11.2014	10820	10930	13520	13690	227	237
19.11.2014	10820	10920	13520	13690	227	237
19.11.2014	10800	10900	13490	13640	227	237
18.11.2014	10800	10900	13490	13640	227	237
18.11.2014	10770	10880	13440	13620	226	237
17.11.2014	10770	10880	13440	13620	226	237
17.11.2014	10765	10860	13370	13535	226	236
16.11.2014	10765	10860	13370	13535	226	236
15.11.2014	10765	10860	13370	13535	226	236
14.11.2014	10760	10860	13370	13525	225	231
14.11.2014	10750	10845	13370	13525	230,5	238,5
13.11.2014	10740	10820	13370	13510	228	235
12.11.2014	10720	10800	13390	13550	228	235
12.11.2014	10720	10800	13320	13460	228	235
11.11.2014	10710	10780	13350	13500	231	238
10.11.2014	10700	10770	13350	13520	226	235
09.11.2014	10700	10770	13350	13520	226	235
08.11.2014	10700	10770	13350	13520	226	235
07.11.2014	10700	10770	13350	13520	226	235
06.11.2014	10700	10770	13380	13520	239,5	245
05.11.2014	10690	10760	13360	13500	242	248
04.11.2014	10690	10770	13350	13510	244	253
03.11.2014	10690	10770	13400	13560	246	256
02.11.2014	10690	10770	13400	13560	246	256
01.11.2014	10690	10770	13400	13560	246	256
31.10.2014	10690	10770	13440	13620	250	258
30.10.2014	10690	10770	13580	13740	248	253
29.10.2014	10690	10770	13580	13720	250	254,5
28.10.2014	10690	10780	13530	13680	252	256
27.10.2014	10680	10780	13500	13650	254	258
26.10.2014	10680	10780	13500	13650	254	258
25.10.2014	10680	10780	13500	13650	254	258
24.10.2014	10680	10770	13490	13650	255,5	260,5
23.10.2014	10670	10780	13510	13710	258	263
22.10.2014	10660	10770	13580	13760	259	264
21.10.2014	10660	10770	13600	13790	259	264
20.10.2014	10660	10770	13630	13830	260	265
19.10.2014	10660	10770	13630	13830	260	265
18.10.2014	10660	10770	13630	13830	260	265
17.10.2014	10660	10740	13550	13730	259	263,5
16.10.2014	10650	10730	13540	13740	260	265,5
15.10.2014	10640	10720	13430	13590	260	265
14.10.2014	10620	10700	13450	13610	261,5	266,5
13.10.2014	10610	10690	13410	13560	261,5	266,5
12.10.2014	10610	10690	13410	13560	261,5	266,5
11.10.2014	10610	10690	13410	13560	261,5	266,5
10.10.2014	10600	10680	13450	13620	264	268
09.10.2014	10590	10670	13380	13550	263,5	268
08.10.2014	10580	10660	13340	13500	264,5	269
07.10.2014	10570	10650	13270	13410	264	269
06.10.2014	10560	10640	13280	13430	264	269
05.10.2014	10560	10640	13280	13430	264	269
04.10.2014	10560	10640	13280	13430	264	269
03.10.2014	10550	10630	13320	13480	265,5	270
02.10.2014	10540	10620	13280	13430	265	271
01.10.2014	10530	10610	13300	13450	265	271
01.10.2014	10530	10610	13300	13450	265	271
30.09.2014	10530	10610	13330	10500	266	271
29.09.2014	10530	10610	13360	13520	268	273
28.09.2014	10530	10610	13360	13520	268	273
27.09.2014	10530	10610	13360	13520	268	273
26.09.2014	10530	10600	13400	13550	272,5	278
25.09.2014	10520	10590	13450	13610	272,5	278,5
24.09.2014	10510	10590	13510	13680	270,5	276,5
23.09.2014	10510	10580	13470	13610	270,5	276
22.09.2014	10510	10580	13500	13630	269	276
21.09.2014	10510	10580	13500	13630	269	276
20.09.2014	10510	10580	13500	13630	269	276
19.09.2014	10500	10550	13480	13630	270	276
18.09.2014	10490	10540	13550	13690	270	276
17.09.2014	10480	10530	13530	13660	267	273,5
16.09.2014	10470	10525	13500	13650	272	277,5
15.09.2014	10450	10510	13480	13620	274	280
14.09.2014	10450	10510	13480	13620	274	280
13.09.2014	10450	10510	13480	13620	274	280
12.09.2014	10450	10500	13480	13600	275	283
11.09.2014	10440	10500	13430	13600	277	284
10.09.2014	10420	10490	13360	13600	277	286
09.09.2014	10410	10480	13400	13630	278	286
08.09.2014	10400	10480	13400	13630	280	288
07.09.2014	10400	10480	13400	13630	280	288
06.09.2014	10400	10480	13400	13630	280	288
05.09.2014	10410	10480	13500	13700	279	287
04.09.2014	10390	10470	13630	13790	279	286
03.09.2014	10390	10470	13610	13770	276	281,5
02.09.2014	10380	10470	13600	13780	277	283,5
01.09.2014	10380	10460	13660	13830	279	285
31.08.2014	10380	10460	13660	13830	279	285
30.08.2014	10380	10460	13660	13830	279	285
29.08.2014	10370	10450	13630	13800	280	286
28.08.2014	10370	10450	13630	13790	285	291
27.08.2014	10360	10440	13640	13810	285	291
26.08.2014	10350	10430	13620	13790	284,5	290
25.08.2014	10350	10430	13690	13890	283,5	290,5
24.08.2014	10350	10430	13690	13890	283,5	290,5
23.08.2014	10350	10430	13690	13890	283,5	290,5
22.08.2014	10340	10420	13690	13870	283,5	290,5
21.08.2014	10340	10410	13720	13880	283,5	289
20.08.2014	10330	10410	13740	13930	284	290
19.08.2014	10330	10410	13790	13960	284,5	291
18.08.2014	10320	10400	13790	13960	284,5	290,5
17.08.2014	10320	10400	13790	13960	284,5	290,5
16.08.2014	10320	10400	13790	13960	284,5	290,5
15.08.2014	10320	10400	13780	13940	284	290
14.08.2014	10310	10390	13770	13940	283,5	289,5
13.08.2014	10320	10380	13780	13900	283	289
12.08.2014	10300	10380	13750	13930	283,5	290
11.08.2014	10280	10370	13730	13920	281	288
10.08.2014	10280	10370	13730	13920	281	288
09.08.2014	10280	10370	13730	13920	281	288
08.08.2014	10280	10370	13700	13890	282	288
07.08.2014	10280	10360	13710	13870	282	288
06.08.2014	10270	10370	13720	13940	285	292
05.08.2014	10270	10370	13750	13960	285	293
04.08.2014	10260	10360	13700	13920	283,5	291,5
03.08.2014	10260	10360	13700	13920	283,5	291,5
02.08.2014	10260	10360	13700	13920	283,5	291,5
01.08.2014	10260	10360	13690	13910	285,5	293,5
31.07.2014	10250	10350	13670	13890	286	293
30.07.2014	10250	10350	13710	13930	285	293
29.07.2014	10250	10350	13750	13950	287	295
28.07.2014	10250	10350	13740	13970	290	297
27.07.2014	10250	10350	13740	13970	290	297
26.07.2014	10250	10350	13740	13970	290	297
25.07.2014	10240	10340	13740	13970	290	298
24.07.2014	10240	10340	13740	13970	291	299
23.07.2014	10240	10340	13750	13980	290	298
22.07.2014	10240	10340	13800	14020	289	297
21.07.2014	10210	10310	13760	13970	288	296
20.07.2014	10210	10310	13760	13970	288	296
19.07.2014	10210	10310	13760	13970	288	296
18.07.2014	10200	10300	13760	13990	290	298
17.07.2014	10190	10290	13760	13980	293,5	302
16.07.2014	10190	10290	13830	14040	294,5	302,5
15.07.2014	10190	10290	13830	14060	294	303
14.07.2014	10180	10280	13800	14040	296	305
13.07.2014	10180	10280	13800	14040	296	305
12.07.2014	10180	10280	13800	14040	296	305
11.07.2014	10180	10280	13800	14040	296	305
10.07.2014	10170	10270	13800	14040	296	304
09.07.2014	10170	10270	13780	14000	294	302
08.07.2014	10160	10260	13780	13990	291	300
07.07.2014	10150	10250	13800	14040	293	302
06.07.2014	10150	10250	13800	14040	293	302
05.07.2014	10150	10250	13800	14040	293	302
04.07.2014	10150	10250	13800	14040	293	302
03.07.2014	10150	10250	13800	14040	293	302
02.07.2014	10150	10250	13850	14060	293	302
01.07.2014	10150	10250	13810	14040	296	305
30.06.2014	10140	10240	13760	14000	298	307
29.06.2014	10140	10240	13760	14000	298	307
28.06.2014	10140	10240	13760	14000	298	307
27.06.2014	10140	10240	13760	13980	298	307
26.06.2014	10140	10240	13760	14000	296	305
25.06.2014	10130	10230	13740	13970	296	305
24.06.2014	10120	10220	13710	13950	292	300
23.06.2014	10120	10220	13700	13940	291	300
22.06.2014	10120	10220	13700	13940	291	300
21.06.2014	10120	10220	13700	13940	291	300
20.06.2014	10120	10220	13730	13970	292	300
19.06.2014	10120	10220	13680	13920	289	299
18.06.2014	10110	10210	13650	13890	288	297
17.06.2014	10100	10200	13640	13870	288	298
16.06.2014	10090	10190	13620	13850	291	300
15.06.2014	10090	10190	13620	13850	291	300
14.06.2014	10090	10190	13620	13850	291	300
13.06.2014	10090	10190	13610	13840	290	300
12.06.2014	10080	10180	13610	13830	290	299
11.06.2014	10080	10180	13610	13850	289	299
10.06.2014	10070	10170	13660	13920	289	299
09.06.2014	10070	10170	13690	13930	286	296
08.06.2014	10070	10170	13690	13930	286	296
07.06.2014	10070	10170	13690	13930	286	296
06.06.2014	10060	10160	13600	13830	286	296
05.06.2014	10060	10160	13650	13900	283,5	294
04.06.2014	10060	10160	13670	13900	284	294
02.06.2014	10050	10150	13630	13860	285	296
01.06.2014	10050	10150	13630	13860	285	296
31.05.2014	10050	10150	13630	13860	285	296
30.05.2014	10040	10140	13600	13840	287	297
29.05.2014	10020	10130	13590	13840	287	298
28.05.2014	10010	10130	13590	13870	288,5	298
27.05.2014	10000	10120	13630	13820	290	300
26.05.2014	9990	10110	13560	13830	288	299
25.05.2014	9990	10110	13560	13830	288	299
24.05.2014	9990	10110	13560	13830	288	299
23.05.2014	9990	10100	13590	13850	288	298
22.05.2014	9980	10080	13580	13830	286,5	296,5
21.05.2014	9980	10080	13620	13860	285	295
20.05.2014	9960	10070	13600	13880	283	293
18.05.2014	9960	10070	13600	13880	283	293
17.05.2014	9960	10070	13600	13880	283	293
16.05.2014	9960	10060	13550	13790	283	293
15.05.2014	9960	10060	13590	13850	283	292,5
14.05.2014	9950	10050	13580	13840	281	291
13.05.2014	9950	10050	13650	13880	278,5	289,5
12.05.2014	9950	10050	13810	14060	279	289
11.05.2014	9950	10050	13810	14060	279	289
10.05.2014	9950	10050	13810	14060	279	289
09.05.2014	9950	10050	13810	14060	279	289
08.05.2014	9950	10050	13810	14050	276,5	287
07.05.2014	9940	10040	13790	14040	276	286
06.05.2014	9940	10040	13750	13990	274	284
05.05.2014	9930	10030	13720	13960	275	282
04.05.2014	9930	10030	13720	13960	275	282
03.05.2014	9930	10030	13710	13950	275	282,5
02.05.2014	9920	10030	13660	13950	273	281
01.05.2014	9920	10030	13660	13950	273	281
30.04.2014	9920	10030	13660	13950	273	281
29.04.2014	9920	10030	13660	13950	273	281
28.04.2014	9920	10030	13670	13920	273	282
27.04.2014	9920	10030	13670	13920	273	282
26.04.2014	9920	10030	13670	13920	273	282
25.04.2014	9920	10030	13640	13900	275	283
24.04.2014	9920	10030	13670	13920	275	284
23.04.2014	9910	10020	13620	13870	275	283
22.04.2014	9900	10010	13630	13880	275	284
21.04.2014	9900	10010	13630	13880	275	284
20.04.2014	9900	10010	13630	13880	275	284
19.04.2014	9900	10010	13630	13880	275	284
18.04.2014	9900	10000	13660	13900	273	281
17.04.2014	9900	10000	13640	13900	272	280
16.04.2014	9900	10000	13610	13850	272	280
15.04.2014	9870	9970	13580	13820	272	281
14.04.2014	9850	9950	13620	13860	274	282
13.04.2014	9850	9950	13620	13860	274	282
12.04.2014	9850	9950	13620	13860	274	282
11.04.2014	9850	9950	13600	13850	274	283
10.04.2014	9850	9950	13540	13770	273	281
09.04.2014	9830	9930	13500	13750	274	282
08.04.2014	9830	9930	13430	13670	274	282
07.04.2014	9830	9930	13430	13670	274	282
06.04.2014	9830	9930	13430	13670	274	282
05.04.2014	9830	9930	13430	13670	274	282
04.04.2014	9830	9930	13480	13720	274	282
03.04.2014	9820	9920	13480	13720	277	285
02.04.2014	9820	9920	13480	13720	277	285
01.04.2014	9810	9920	13450	13700	272	280
31.03.2014	9810	9910	13460	13690	272	280
30.03.2014	9810	9910	13460	13690	272	280
29.03.2014	9810	9910	13460	13690	272	280
28.03.2014	9810	9910	13500	13710	272	280
27.03.2014	9820	9920	13510	13740	272	280
26.03.2014	9830	9930	13530	13780	270	279
25.03.2014	9830	9930	13500	13750	267	275
24.03.2014	9830	9930	13500	13750	267	275
23.03.2014	9830	9930	13500	13750	267	275
22.03.2014	9830	9930	13500	13750	267	275
21.03.2014	9830	9930	13500	13750	268	277
20.03.2014	9830	9930	13650	13840	267	275
19.03.2014	9810	9910	13600	13820	265	273
18.03.2014	9800	9900	13570	13800	264	272
17.03.2014	9800	9900	13510	13790	262	273
16.03.2014	9800	9900	13510	13790	262	273
15.03.2014	9800	9900	13510	13790	262	273
14.03.2014	9780	9880	13580	13800	265	273
13.03.2014	9780	9880	13500	13730	265	273
12.03.2014	9770	9870	13490	13720	265	273
11.03.2014	9760	9860	13480	13720	265	273
10.03.2014	9760	9870	13470	13680	266	275
09.03.2014	9760	9870	13470	13680	266	275
08.03.2014	9760	9870	13470	13680	266	275
07.03.2014	9760	9870	13350	13590	267	275
06.03.2014	9750	9860	13350	13560	267	275
05.03.2014	9740	9850	13330	13560	264	273
04.03.2014	9740	9850	13350	13580	265	273
03.03.2014	9730	9830	13320	13560	266	275
02.03.2014	9730	9830	13320	13560	266	275
01.03.2014	9730	9830	13320	13560	266	275
28.02.2014	9710	9810	13220	13420	266	275
27.02.2014	9700	9800	13300	13470	268	277
26.02.2014	9710	9800	13300	13470	270	277
25.02.2014	9710	9800	13300	13470	270	277
24.02.2014	9700	9800	13270	13470	269	277
23.02.2014	9700	9800	13270	13470	269	277
22.02.2014	9700	9800	13270	13470	269	277
21.02.2014	9700	9800	13270	13470	269	277
20.02.2014	9700	9800	13300	13480	269	277
19.02.2014	9700	9800	13250	13480	274	279
18.02.2014	9680	9780	13240	13430	272	279
17.02.2014	9670	9760	13200	13400	272	279
16.02.2014	9670	9760	13200	13400	272	279
15.02.2014	9670	9760	13200	13400	272	279
14.02.2014	9670	9760	13200	13400	272	279
13.02.2014	9660	9730	13110	13270	274	281
12.02.2014	9640	9710	13150	13300	274	281
11.02.2014	9640	9710	13130	13280	275	282
10.02.2014	9630	9700	13050	13250	274	282
09.02.2014	9630	9700	13050	13250	274	282
08.02.2014	9630	9700	13050	13250	274	282
07.02.2014	9630	9700	13000	13200	272	280
06.02.2014	9620	9690	13000	13180	271	280
05.02.2014	9620	9690	12980	13180	268	276
04.02.2014	9610	9690	12940	13140	266	276
03.02.2014	9600	9690	12960	13160	267	277
02.02.2014	9600	9690	12960	13160	267	277
01.02.2014	9600	9690	12960	13160	267	277
31.01.2014	9600	9660	13060	13230	267	276
30.01.2014	9600	9660	13080	13250	273	280
29.01.2014	9590	9650	13090	13250	274	280
28.01.2014	9580	9650	13080	13250	273	279
27.01.2014	9570	9640	13090	13290	274	281
26.01.2014	9570	9640	13090	13290	274	281
25.01.2014	9570	9640	13090	13290	274	281
24.01.2014	9560	9620	13000	13180	277	284
23.01.2014	9560	9630	12930	13090	278	285
22.01.2014	9550	9620	12920	13080	278	286
21.01.2014	9520	9620	12950	13120	282	291
20.01.2014	9520	9620	12950	13120	282	291
19.01.2014	9520	9620	12950	13120	282	291
18.01.2014	9520	9620	12950	13120	282	291
17.01.2014	9540	9640	12950	13150	282	291
16.01.2014	9540	9640	12950	13150	282	291
15.01.2014	9550	9650	13000	13200	283	292
14.01.2014	9540	9640	12980	13180	283	293
13.01.2014	9540	9640	12980	13180	283	293
12.01.2014	9540	9640	12980	13180	283	293
11.01.2014	9540	9640	12930	13130	283	293
10.01.2014	9550	9650	12920	13120	282	292
09.01.2014	9540	9640	12920	13120	282	292
08.01.2014	9540	9640	12920	13120	282	292
07.01.2014	9540	9640	12920	13120	282	292
06.01.2014	9540	9640	12920	13120	282	292
05.01.2014	9540	9640	12920	13120	282	292
04.01.2014	9540	9640	12970	13170	283	294
03.01.2014	9540	9640	13100	13300	284	295
02.01.2014	9540	9640	13100	13300	284	295
01.01.2014	9540	9640	13100	13300	284	295
31.12.2013	9530	9630	13050	13250	286	296
30.12.2013	9520	9620	13050	13250	288	297
29.12.2013	9520	9620	13050	13250	288	297
28.12.2013	9520	9620	13050	13250	288	297
27.12.2013	9500	9600	12930	13130	287	296
26.12.2013	9500	9600	12930	13130	287	296
25.12.2013	9500	9600	12930	13130	287	296
24.12.2013	9500	9600	12930	13130	284	293
23.12.2013	9500	9600	12900	13100	284	293
22.12.2013	9500	9600	12900	13100	284	293
21.12.2013	9500	9600	12900	13100	284	293
20.12.2013	9490	9590	12920	13120	284	293
19.12.2013	9480	9580	12990	13190	284	293
18.12.2013	9470	9570	12980	13180	284	293
17.12.2013	9460	9560	12950	13150	284	293
16.12.2013	9460	9560	12950	13150	284	293
15.12.2013	9460	9560	12950	13150	284	293
14.12.2013	9460	9560	12950	13150	284	293
13.12.2013	9420	9510	12950	13130	284	292
12.12.2013	9400	9490	12920	13100	284	292
11.12.2013	9390	9490	12900	13050	284	292
10.12.2013	9380	9480	12840	12990	284	292
09.12.2013	9380	9480	12790	12950	282	290
08.12.2013	9380	9480	12790	12950	282	290
07.12.2013	9380	9480	12790	12950	282	290
06.12.2013	9380	9470	12740	12890	280	288
05.12.2013	9380	9470	12700	12850	279	287
04.12.2013	9370	9460	12680	12830	279	287
03.12.2013	9340	9440	12650	12800	279	287
02.12.2013	9330	9430	12680	12830	278	286
01.12.2013	9330	9430	12680	12830	278	286
30.11.2013	9330	9430	12650	12800	278	286
29.11.2013	9330	9430	12650	12800	279	287
28.11.2013	9320	9420	12640	12790	279	287
27.11.2013	9310	9410	12580	12730	279	287
26.11.2013	9290	9390	12550	12700	280	289
25.11.2013	9300	9400	12530	12730	279	288
24.11.2013	9300	9400	12530	12730	279	288
23.11.2013	9300	9400	12530	12730	279	288
22.11.2013	9290	9390	12470	12670	278	287
21.11.2013	9290	9390	12550	12720	280	289
20.11.2013	9300	9400	12530	12690	281	290
19.11.2013	9290	9390	12490	12650	281	290
18.11.2013	9280	9380	12430	12600	280	289
17.11.2013	9280	9380	12430	12600	280	289
16.11.2013	9280	9380	12430	12600	280	289
15.11.2013	9280	9350	12450	12620	280	289
14.11.2013	9270	9340	12420	12600	279	288
13.11.2013	9270	9340	12370	12570	279	288
12.11.2013	9250	9320	12320	12500	279	288
11.11.2013	9250	9320	12370	12550	280	290
10.11.2013	9250	9320	12370	12550	280	290
09.11.2013	9250	9320	12370	12550	280	290
08.11.2013	9230	9310	12450	12610	280	290
07.11.2013	9230	9310	12450	12610	280	290
06.11.2013	9230	9310	12460	12620	281	291
05.11.2013	9220	9300	12440	12600	280	290
04.11.2013	9220	9330	12470	12650	282	291
03.11.2013	9220	9330	12470	12650	282	291
02.11.2013	9220	9330	12470	12650	282	291
01.11.2013	9240	9350	12620	12800	284	293
31.10.2013	9220	9330	12630	12810	284	293
30.10.2013	9210	9320	12650	12830	285	294
29.10.2013	9190	9300	12640	12820	285	294
28.10.2013	9180	9290	12640	12820	286	295
27.10.2013	9180	9290	12640	12820	286	295
26.10.2013	9180	9290	12540	12820	286	295
25.10.2013	9180	9290	12600	12780	286	295
24.10.2013	9170	9280	12570	12750	284	294
23.10.2013	9170	9280	12500	12700	283	293
22.10.2013	9170	9280	12500	12700	283	293
21.10.2013	9170	9280	12500	12700	283	293
20.10.2013	9170	9280	12500	12700	283	293
19.10.2013	9170	9280	12500	12700	283	293
18.10.2013	9170	9280	12420	12620	281	290
17.10.2013	9180	9280	12380	12580	280	290
16.10.2013	9160	9270	12370	12570	279	289
15.10.2013	9160	9270	12370	12570	279	289
14.10.2013	9160	9270	12350	12550	279	289
13.10.2013	9160	9270	12350	12550	279	289
12.10.2013	9160	9270	12350	12550	279	289
11.10.2013	9160	9260	12330	12500	278	288
10.10.2013	9140	9230	12330	12500	277	287
09.10.2013	9130	9230	12360	12540	278	288
08.10.2013	9120	9220	12360	12540	278	288
07.10.2013	9100	9200	12360	12540	279	289
06.10.2013	9100	9200	12360	12540	279	289
05.10.2013	9100	9200	12360	12540	279	289
04.10.2013	9090	9190	12330	12520	278	288
03.10.2013	9100	9200	12250	12450	277	287
02.10.2013	9080	9180	12280	12470	276	286
01.10.2013	9080	9180	12200	12390	274	285
30.09.2013	9080	9180	12180	12380	274	285
29.09.2013	9080	9180	12180	12380	274	285
28.09.2013	9080	9180	12180	12380	274	285
27.09.2013	9070	9170	12210	12400	276	287
26.09.2013	9050	9150	12140	12330	278	289
25.09.2013	9040	9140	12150	12340	278	289
24.09.2013	9040	9140	12170	12360	278	289
23.09.2013	9030	9130	12160	12350	279	290
22.09.2013	9030	9130	12160	12350	279	290
21.09.2013	9030	9130	12160	12350	279	290
20.09.2013	9020	9120	12130	12330	277	291
19.09.2013	9030	9130	12000	12190	274	285
18.09.2013	9020	9120	11970	12160	273	284
17.09.2013	9020	9120	11970	12160	273	284
16.09.2013	9030	9120	11940	12130	271	280
15.09.2013	9030	9120	11940	12130	271	280
14.09.2013	9030	9120	11940	12130	271	280
13.09.2013	9030	9120	11970	12150	272	281
12.09.2013	9040	9130	11940	12130	270	279
11.09.2013	9040	9130	11930	12120	269	278
10.09.2013	9020	9110	11850	12040	267	276
09.09.2013	9030	9120	11820	12000	267	276
08.09.2013	9030	9120	11820	12000	267	276
07.09.2013	9030	9120	11820	12000	267	276
06.09.2013	9020	9110	11850	12030	267	276
05.09.2013	9020	9110	11850	12030	267	276
04.09.2013	9010	9100	11830	12010	267	276
03.09.2013	8990	9080	11850	12030	267	276
02.09.2013	8970	9070	11850	12030	267	276
01.09.2013	8970	9070	11850	12030	267	276
31.08.2013	8970	9070	11850	12030	267	276
30.08.2013	8970	9070	11850	12030	267	276
29.08.2013	8940	9040	11930	12100	266	275
28.08.2013	8930	9030	11920	12090	266	275
27.08.2013	8910	9010	11890	12060	267	276
26.08.2013	8910	9010	11870	12050	265	274
25.08.2013	8910	9010	11870	12050	265	274
24.08.2013	8910	9010	11870	12050	265	274
23.08.2013	8910	9010	11870	12050	265	274
22.08.2013	8900	9000	11890	12080	266	275
21.08.2013	8900	9000	11850	12040	266	275
20.08.2013	8900	9000	11820	12020	266	275
19.08.2013	8900	9000	11840	12040	266	275
18.08.2013	8900	9000	11840	12040	266	275
17.08.2013	8900	9000	11840	12040	266	275
16.08.2013	8890	8990	11780	11980	266	275
15.08.2013	8890	9000	11790	11990	265	274
14.08.2013	8870	8990	11750	11950	265	274
13.08.2013	8890	9000	11800	11980	267	276
12.08.2013	8870	8990	11850	12030	267	276
11.08.2013	8870	8990	11850	12030	267	276
10.08.2013	8870	8990	11850	12030	267	276
09.08.2013	8870	8990	11820	11990	266	275
08.08.2013	8870	8990	11770	11950	266	275
07.08.2013	8870	8990	11750	11920	266	275
06.08.2013	8850	8970	11720	11900	266	275
05.08.2013	8860	8980	11700	11880	264	273
04.08.2013	8860	8980	11700	11880	264	273
03.08.2013	8860	8980	11700	11880	264	273
02.08.2013	8860	8980	11730	11900	265	274
01.08.2013	8870	8990	11740	11920	265	274
31.07.2013	8880	9000	11740	11920	266	275
30.07.2013	8870	8990	11700	11900	266	275
29.07.2013	8880	9020	11730	11930	268	277
28.07.2013	8880	9020	11730	11930	268	277
27.07.2013	8880	9020	11730	11930	268	277
26.07.2013	8870	9020	11680	11880	269	278
25.07.2013	8870	9030	11690	11900	270	279
24.07.2013	8880	9030	11670	11880	271	279
23.07.2013	8870	9020	11620	11830	270	279
22.07.2013	8870	9020	11600	11800	269	278
21.07.2013	8870	9020	11600	11800	269	278
20.07.2013	8870	9020	11600	11800	269	278
19.07.2013	8880	9030	11580	11780	270	278
18.07.2013	8890	9040	11630	11830	270	278
17.07.2013	8880	9020	11570	11770	269	278
16.07.2013	8890	9020	11550	11750	269	278
15.07.2013	8860	8990	11530	11730	268	278
14.07.2013	8860	8990	11530	11730	268	278
13.07.2013	8860	8990	11530	11730	268	278
12.07.2013	8850	8990	11500	11700	268	278
11.07.2013	8890	9020	11370	11570	266	275
10.07.2013	8870	9000	11420	11620	264	274
09.07.2013	8840	8960	11350	11550	262	271
08.07.2013	8830	8960	11400	11570	263	272
07.07.2013	8830	8960	11400	11570	263	272
06.07.2013	8830	8960	11400	11570	263	272
05.07.2013	8810	8930	11440	11600	262	271
04.07.2013	8810	8920	11500	11700	264	273
03.07.2013	8810	8920	11500	11700	264	273
02.07.2013	8800	8900	11450	11650	264	273
01.07.2013	8800	8900	11410	11650	263	272
30.06.2013	8800	8900	11410	11650	263	272
29.06.2013	8800	8900	11410	11650	263	272
28.06.2013	8800	8900	11410	11650	263	272
27.06.2013	8750	8850	11420	11580	262	271
26.06.2013	8730	8830	11440	11600	263	272
25.06.2013	8720	8820	11400	11550	261	270
24.06.2013	8720	8820	11500	11650	263	272
23.06.2013	8720	8820	11500	11650	263	272
22.06.2013	8720	8820	11500	11650	263	272
21.06.2013	8720	8820	11520	11680	263	272
20.06.2013	8700	8800	11600	11770	268	277
19.06.2013	8660	8780	11540	11750	269	278
18.06.2013	8650	8770	11500	11690	270	279
17.06.2013	8670	8770	11530	11700	269	277
16.06.2013	8670	8770	11530	11700	269	277
15.06.2013	8670	8770	11530	11700	269	277
14.06.2013	8700	8790	11580	11750	267	275
13.06.2013	8690	8780	11530	11720	265	273
12.06.2013	8660	8760	11450	11650	264	272
11.06.2013	8630	8720	11350	11530	264	272
10.06.2013	8660	8750	11430	11600	266	274
09.06.2013	8660	8750	11430	11600	266	274
08.06.2013	8660	8750	11430	11600	266	274
07.06.2013	8680	8760	11350	11520	267	275
06.06.2013	8690	8770	11320	11480	268	276
05.06.2013	8670	8760	11300	11460	270	277
04.06.2013	8650	8750	11230	11400	267	276
03.06.2013	8650	8750	11220	11390	270	279
02.06.2013	8650	8750	11220	11390	270	279
01.06.2013	8650	8750	11220	11390	270	279
31.05.2013	8650	8750	11180	11350	271	280
30.05.2013	8670	8770	11150	11330	272	281
29.05.2013	8670	8770	11170	11350	273	282
28.05.2013	8640	8740	11170	11350	272	282
27.05.2013	8640	8740	11170	11350	272	282
26.05.2013	8640	8740	11170	11350	272	282
25.05.2013	8640	8740	11170	11350	272	282
24.05.2013	8640	8740	11120	11290	271	281
23.05.2013	8650	8750	11180	11350	273	283
22.05.2013	8640	8740	11130	11300	273	283
21.05.2013	8620	8720	11100	11280	272	281
20.05.2013	8620	8720	11100	11280	272	281
19.05.2013	8620	8720	11100	11280	272	281
18.05.2013	8620	8720	11100	11280	272	281
17.05.2013	8620	8720	11100	11280	272	281
16.05.2013	8600	8690	11070	11250	270	279
15.05.2013	8600	8700	11150	11350	270	280
14.05.2013	8600	8700	11150	11350	270	280
13.05.2013	8600	8700	11250	11430	272	281
12.05.2013	8600	8700	11250	11430	272	281
11.05.2013	8600	8700	11250	11430	272	281
10.05.2013	8600	8700	11250	11430	272	281
09.05.2013	8600	8700	11250	11430	272	281
08.05.2013	8630	8730	11280	11490	273	283
07.05.2013	8610	8710	11270	11470	271	282
06.05.2013	8620	8720	11280	11490	268	280
05.05.2013	8620	8720	11280	11490	268	280
04.05.2013	8620	8720	11280	11490	268	280
03.05.2013	8600	8700	11280	11490	268	280
02.05.2013	8610	8710	11240	11450	270	282
01.05.2013	8610	8710	11240	11450	270	282
30.04.2013	8590	8700	11230	11440	270	281
29.04.2013	8610	8710	11200	11400	269	281
28.04.2013	8610	8710	11200	11400	269	281
27.04.2013	8610	8710	11200	11400	269	281
26.04.2013	8600	8700	11200	11400	268	280
25.04.2013	8600	8700	11170	11370	267	279
24.04.2013	8570	8680	11170	11370	265	277
23.04.2013	8580	8690	11180	11380	265	277
22.04.2013	8590	8700	11190	11400	266	278
21.04.2013	8590	8700	11190	11400	266	278
20.04.2013	8590	8700	11190	11400	266	278
19.04.2013	8600	8720	11190	11410	265	277
18.04.2013	8580	8700	11260	11470	269	281
17.04.2013	8590	8710	11200	11410	268	280
16.04.2013	8590	8710	11210	11420	269	281
15.04.2013	8570	8690	11180	11390	272	284
14.04.2013	8570	8690	11180	11390	272	284
13.04.2013	8570	8690	11180	11390	272	284
12.04.2013	8570	8690	11180	11390	272	284
11.04.2013	8560	8680	11170	11380	271	283
10.04.2013	8590	8710	11140	11340	270	282
09.04.2013	8600	8720	11170	11370	268	280
08.04.2013	8620	8740	11150	11350	269	281
07.04.2013	8620	8740	11150	11350	269	281
06.04.2013	8620	8740	11150	11350	269	281
05.04.2013	8620	8740	11090	11300	269	281
04.04.2013	8620	8740	11080	11280	274	285
03.04.2013	8620	8740	11080	11280	274	285
02.04.2013	8610	8720	11020	11220	274	285
01.04.2013	8610	8720	11020	11220	274	285
31.03.2013	8610	8720	11020	11220	274	285
30.03.2013	8610	8720	11020	11220	274	285
29.03.2013	8610	8720	11020	11220	274	285
28.03.2013	8600	8710	11020	11240	275	286
27.03.2013	8590	8700	11080	11280	274	285
26.03.2013	8570	8680	11100	11320	274	286
25.03.2013	8580	8690	11030	11250	274	286
24.03.2013	8580	8690	11030	11250	274	286
23.03.2013	8580	8690	11030	11250	274	286
22.03.2013	8570	8680	11030	11250	273	285
21.03.2013	8560	8670	11030	11250	272	284
20.03.2013	8560	8670	11050	11260	273	285
19.03.2013	8570	8680	11050	11250	273	285
18.03.2013	8550	8660	11130	11350	275	287
17.03.2013	8550	8660	11130	11350	275	287
16.03.2013	8550	8660	11130	11350	275	287
15.03.2013	8570	8680	11070	11280	275	287
14.03.2013	8570	8680	11130	11340	275	287
13.03.2013	8550	8660	11100	11320	275	287
12.03.2013	8550	8660	11100	11320	275	287
11.03.2013	8570	8670	11150	11350	275	287
10.03.2013	8570	8670	11150	11350	275	287
09.03.2013	8570	8670	11150	11350	275	287
08.03.2013	8570	8670	11150	11350	275	287
07.03.2013	8580	8680	11200	11400	277	289
06.03.2013	8580	8690	11190	11390	276	288
05.03.2013	8570	8680	11120	11330	275	287
04.03.2013	8560	8670	11150	11370	275	287
03.03.2013	8560	8670	11150	11370	275	287
02.03.2013	8560	8670	11150	11370	275	287
01.03.2013	8560	8670	11230	11450	278	289
28.02.2013	8590	8690	11230	11450	278	289
27.02.2013	8580	8680	11150	11370	277	288
26.02.2013	8570	8670	11300	11500	279	289
25.02.2013	8550	8650	11290	11490	278	289
24.02.2013	8550	8650	11290	11490	278	289
23.02.2013	8550	8650	11290	11490	278	289
22.02.2013	8560	8660	11300	11500	279	290
21.02.2013	8560	8660	11450	11600	280	291
20.02.2013	8560	8660	11400	11570	280	291
19.02.2013	8540	8660	11400	11600	280	291
18.02.2013	8570	8670	11470	11620	281	291
17.02.2013	8570	8670	11470	11620	281	291
16.02.2013	8570	8670	11470	11620	281	291
15.02.2013	8580	8680	11510	11660	282	292
14.02.2013	8600	8700	11550	11700	282	292
13.02.2013	8600	8700	11530	11680	281	291
12.02.2013	8570	8670	11500	11650	280	290
11.02.2013	8580	8680	11530	11680	281	291
10.02.2013	8580	8680	11530	11680	281	291
09.02.2013	8580	8680	11530	11680	281	291
08.02.2013	8600	8700	11640	11840	282	292
07.02.2013	8600	8700	11660	11830	283	293
06.02.2013	8600	8700	11600	11770	282	292
05.02.2013	8580	8680	11680	11820	283	293
04.02.2013	8590	8700	11650	11820	282	293
03.02.2013	8590	8700	11650	11820	282	293
02.02.2013	8590	8700	11650	11820	282	293
01.02.2013	8610	8730	11650	11820	282	293
31.01.2013	8590	8700	11550	11770	281	291
30.01.2013	8590	8710	11500	11720	281	291
29.01.2013	8600	8720	11520	11740	281	291
28.01.2013	8610	8740	11500	11730	281	292
27.01.2013	8610	8740	11500	11730	281	292
26.01.2013	8610	8740	11500	11730	281	292
25.01.2013	8610	8740	11450	11670	280	291
24.01.2013	8630	8750	11450	11670	280	291
23.01.2013	8630	8750	11450	11670	280	291
22.01.2013	8600	8720	11400	11630	279	290
21.01.2013	8600	8720	11450	11670	280	291
20.01.2013	8600	8720	11450	11670	280	291
19.01.2013	8600	8720	11450	11670	280	291
18.01.2013	8600	8740	11420	11650	279	290
17.01.2013	8630	8780	11420	11650	279	290
16.01.2013	8640	8790	11480	11700	279	291
15.01.2013	8640	8790	11480	11700	279	291
14.01.2013	8650	8790	11380	11600	279	291
13.01.2013	8650	8790	11380	11600	279	291
12.01.2013	8650	8790	11380	11600	279	291
11.01.2013	8640	8780	11250	11470	278	290
10.01.2013	8630	8770	11230	11450	277	289
09.01.2013	8610	8750	11220	11440	276	288
08.01.2013	8610	8750	11220	11440	276	288
07.01.2013	8610	8750	11220	11440	276	288
06.01.2013	8610	8750	11220	11440	276	288
05.01.2013	8590	8740	11200	11400	276	288
04.01.2013	8580	8720	11230	11450	276	288
03.01.2013	8580	8710	11280	11520	276	289
02.01.2013	8580	8710	11280	11520	276	289
01.01.2013	8580	8710	11280	11520	276	289
31.12.2012	8580	8710	11280	11520	276	289
30.12.2012	8580	8710	11280	11520	276	289
29.12.2012	8580	8710	11280	11520	276	289
28.12.2012	8550	8690	11250	11470	275	286
27.12.2012	8540	8670	11220	11440	274	286
26.12.2012	8550	8680	11230	11450	273	285
25.12.2012	8550	8680	11230	11450	273	285
24.12.2012	8550	8680	11230	11450	273	285
23.12.2012	8550	8680	11230	11450	273	285
22.12.2012	8550	8680	11230	11450	273	285
21.12.2012	8560	8700	11250	11470	273	285
20.12.2012	8560	8700	11250	11470	273	285
19.12.2012	8570	8700	11200	11420	272	283
18.12.2012	8550	8690	11180	11380	273	284
17.12.2012	8560	8690	11150	11370	274	285
16.12.2012	8560	8690	11150	11370	274	285
15.12.2012	8560	8690	11150	11370	274	285
14.12.2012	8570	8690	11150	11370	274	286
13.12.2012	8570	8690	11100	11320	273	285
12.12.2012	8570	8690	11050	11270	272	285
11.12.2012	8550	8680	10980	11200	271	283
10.12.2012	8570	8690	11050	11270	271	283
09.12.2012	8570	8690	11050	11270	271	283
08.12.2012	8570	8690	11050	11270	271	283
07.12.2012	8560	8680	11130	11330	271	283
06.12.2012	8540	8670	11150	11350	271	283
05.12.2012	8530	8650	11100	11300	270	281
04.12.2012	8500	8630	11000	11200	270	281
03.12.2012	8530	8660	11070	11250	272	283
02.12.2012	8530	8660	11070	11250	272	283
01.12.2012	8530	8660	11070	11250	272	283
30.11.2012	8550	8680	11050	11230	271	281
29.11.2012	8540	8670	10950	11170	270	280
28.11.2012	8530	8660	11000	11210	271	282
27.11.2012	8510	8640	10970	11190	270	280
26.11.2012	8510	8640	10910	11130	269	279
25.11.2012	8510	8640	10910	11130	269	279
24.11.2012	8510	8640	10910	11130	269	279
23.11.2012	8540	8670	10900	11110	269	279
22.11.2012	8530	8670	10850	11050	267	277
21.11.2012	8520	8640	10850	11050	266	276
20.11.2012	8500	8620	10780	10980	264	274
19.11.2012	8530	8630	10790	10990	265	275
18.11.2012	8530	8630	10790	10990	265	275
17.11.2012	8530	8630	10790	10990	265	275
16.11.2012	8530	8630	10790	10990	265	275
15.11.2012	8530	8630	10790	10990	265	275
14.11.2012	8530	8630	10790	10990	265	275
13.11.2012	8500	8600	10780	10980	265	275
12.11.2012	8500	8600	10800	11000	265	275
11.11.2012	8500	8600	10800	11000	265	275
10.11.2012	8500	8600	10800	11000	265	275
09.11.2012	8490	8590	10800	11000	265	275
08.11.2012	8490	8600	10850	11070	265	275
07.11.2012	8490	8600	10850	11070	265	275
06.11.2012	8490	8600	10900	11110	265	275
05.11.2012	8490	8600	10950	11170	267	277
04.11.2012	8490	8600	10950	11170	267	277
03.11.2012	8490	8600	10950	11170	267	277
02.11.2012	8460	8590	10940	11150	267	276
01.11.2012	8500	8600	11000	11210	267	276
31.10.2012	8500	8600	10970	11190	267	276
30.10.2012	8500	8600	10910	11130	267	276
29.10.2012	8500	8630	10950	11170	267	277
28.10.2012	8500	8630	10950	11170	267	277
27.10.2012	8500	8630	10950	11170	267	277
26.10.2012	8500	8630	11050	11250	268	278
25.10.2012	8510	8650	11010	11230	268	278
24.10.2012	8540	8690	11070	11290	271	281
23.10.2012	8530	8670	11070	11290	272	282
22.10.2012	8540	8680	11120	11300	274	283
21.10.2012	8540	8680	11120	11300	274	283
20.10.2012	8540	8680	11120	11300	274	283
19.10.2012	8550	8700	11150	11330	275	285
18.10.2012	8600	8750	11220	11400	275	285
17.10.2012	8540	8700	11050	11270	271	282
16.10.2012	8540	8700	11030	11250	270	280
15.10.2012	8550	8730	11030	11250	272	282
14.10.2012	8550	8730	11030	11250	272	282
13.10.2012	8550	8730	11030	11250	272	282
12.10.2012	8530	8700	10960	11180	270	280
11.10.2012	8550	8700	10980	11200	270	280
10.10.2012	8600	8730	11100	11320	272	283
09.10.2012	8550	8700	11030	11250	271	282
08.10.2012	8550	8700	11050	11270	271	282
07.10.2012	8550	8700	11050	11270	271	282
06.10.2012	8550	8700	11050	11270	271	282
05.10.2012	8550	8710	11030	11250	270	281
04.10.2012	8520	8700	10990	11220	269	280
03.10.2012	8500	8670	10900	11120	268	279
02.10.2012	8400	8600	10780	11020	263	277
01.10.2012	8500	8660	10890	11130	269	280
30.09.2012	8500	8660	10890	11130	269	280
29.09.2012	8500	8660	10890	11130	269	280
28.09.2012	8480	8640	10830	11060	266	278
27.09.2012	8480	8640	10850	11080	268	278
26.09.2012	8460	8630	10880	11090	267	277
25.09.2012	8430	8610	10890	11100	266	276
24.09.2012	8420	8600	10880	11100	266	276
23.09.2012	8420	8600	10880	11100	266	276
22.09.2012	8420	8600	10880	11100	266	276
21.09.2012	8410	8590	10870	11100	263	274
20.09.2012	8390	8570	10910	11120	266	277
19.09.2012	8380	8560	10900	11110	265	276
18.09.2012	8370	8560	10920	11130	267	278
17.09.2012	8400	8580	10900	11110	266	276
16.09.2012	8400	8580	10900	11110	266	276
15.09.2012	8400	8580	10900	11110	266	276
14.09.2012	8400	8550	10750	10960	260	271
13.09.2012	8390	8530	10730	10940	258	270
12.09.2012	8400	8530	10700	10900	256	268
11.09.2012	8380	8500	10650	10850	256	268
10.09.2012	8390	8510	10530	10740	254	268
09.09.2012	8390	8510	10530	10740	254	268
08.09.2012	8390	8510	10530	10740	254	268
07.09.2012	8400	8520	10510	10710	254	268
06.09.2012	8390	8510	10460	10660	252	266
05.09.2012	8390	8520	10500	10710	254	267
04.09.2012	8380	8510	10470	10680	253	266
03.09.2012	8380	8510	10460	10670	253	265
02.09.2012	8380	8510	10460	10670	253	265
01.09.2012	8380	8510	10460	10670	253	265
31.08.2012	8370	8500	10470	10680	254	266
30.08.2012	8370	8500	10470	10680	254	266
29.08.2012	8340	8450	10320	10530	254	266
28.08.2012	8310	8430	10310	10520	254	266
27.08.2012	8290	8420	10300	10510	254	266
26.08.2012	8290	8420	10300	10510	254	266
25.08.2012	8290	8420	10300	10510	254	266
24.08.2012	8280	8410	10280	10490	253	264
23.08.2012	8280	8410	10200	10400	253	264
22.08.2012	8260	8390	10160	10370	251	264
21.08.2012	8250	8380	10150	10350	251	264
20.08.2012	8250	8380	10120	10320	253	264
19.08.2012	8250	8380	10120	10320	253	264
18.08.2012	8250	8380	10120	10320	253	264
17.08.2012	8270	8400	10150	10350	253	265
16.08.2012	8290	8420	10170	10370	256	266
15.08.2012	8280	8410	10170	10370	256	266
14.08.2012	8260	8390	10110	10310	255	265
13.08.2012	8270	8400	10100	10300	255	265
12.08.2012	8270	8400	10100	10300	255	265
11.08.2012	8270	8400	10100	10300	255	265
10.08.2012	8290	8420	10190	10390	259	269
09.08.2012	8300	8450	10200	10400	257	267
08.08.2012	8300	8450	10220	10420	257	267
07.08.2012	8260	8410	10130	10330	253	263
06.08.2012	8290	8440	10090	10290	251	261
05.08.2012	8290	8440	10090	10290	251	261
04.08.2012	8290	8440	10090	10290	251	261
03.08.2012	8280	8430	10110	10310	251	261
02.08.2012	8260	8410	10100	10300	250	260
01.08.2012	8250	8400	10100	10300	251	261
31.07.2012	8230	8380	10080	10280	250	260
30.07.2012	8250	8420	10080	10300	250	260
29.07.2012	8250	8420	10080	10300	250	260
28.07.2012	8250	8420	10080	10300	250	260
27.07.2012	8270	8440	10050	10300	248	258
26.07.2012	8280	8450	10000	10200	247	257
25.07.2012	8290	8460	10050	10250	249	260
24.07.2012	8270	8440	10030	10230	251	260
23.07.2012	8260	8430	10120	10320	251	262
22.07.2012	8260	8430	10120	10320	251	262
21.07.2012	8260	8430	10120	10320	251	262
20.07.2012	8260	8410	10150	10350	250	261
19.07.2012	8265	8420	10150	10350	248	259
18.07.2012	8265	8420	10160	10360	247	258
17.07.2012	8270	8430	10130	10330	246	257
16.07.2012	8300	8450	10150	10350	247	258
15.07.2012	8300	8450	10150	10350	247	258
14.07.2012	8300	8450	10150	10350	247	258
13.07.2012	8320	8470	10180	10380	247	258
12.07.2012	8340	8490	10250	10450	247	258
11.07.2012	8300	8450	10250	10450	247	257
10.07.2012	8300	8440	10200	10400	245	256
09.07.2012	8270	8420	10290	10490	250	259
08.07.2012	8270	8420	10290	10490	250	259
07.07.2012	8270	8420	10290	10490	250	259
06.07.2012	8300	8450	10390	10590	250	260
05.07.2012	8250	8370	10350	10550	250	260
04.07.2012	8250	8400	10400	10600	245	256
03.07.2012	8250	8400	10400	10600	245	256
02.07.2012	8250	8400	10400	10600	245	256
01.07.2012	8250	8400	10400	10600	245	256
30.06.2012	8250	8400	10400	10600	245	256
29.06.2012	8250	8420	10300	10500	245	256
28.06.2012	8250	8420	10350	10550	245	257
27.06.2012	8280	8460	10390	10590	244	255
26.06.2012	8240	8400	10300	10500	242	253
25.06.2012	8270	8450	10350	10550	240	251
24.06.2012	8270	8450	10350	10550	240	251
23.06.2012	8270	8450	10350	10550	240	251
22.06.2012	8240	8420	10400	10600	243	254
21.06.2012	8240	8420	10430	10630	246	257
20.06.2012	8250	8430	10390	10590	247	258
19.06.2012	8200	8390	10350	10550	248	259
18.06.2012	8250	8470	10400	10600	248	259
